array( 0,17,10,0,0,0,0,3,0,1),
array( 0,17,1,0,0,0,0,2,0,1),
array( 0,22,10,0,0,0,0,2,0,1),
array( 0,21,10,0,0,0,0,2,0,1),
array( 0,18,8,0,0,0,0,2,0,1),
array( 0,13,2,0,0,0,0,1,0,1),
array( 0,15,2,0,0,0,0,2,0,1),
array( 0,14,9,0,0,0,0,1,0,1),
array( 0,20,10,0,0,0,0,1,0,1),
array( 0,14,1,0,0,0,0,2,0,1),
array( 0,13,9,0,0,0,0,1,0,1),
array( 0,20,4,0,0,0,0,2,0,1),
array( 0,15,4,0,0,0,0,1,0,1),
array( 0,19,4,0,0,0,0,1,0,1),
array( 0,17,2,0,0,0,0,2,0,1),
array( 0,22,8,0,0,0,0,3,0,1),
array( 0,20,8,0,0,0,0,1,0,1),
array( 0,13,10,0,0,0,0,3,0,1),
array( 0,21,10,0,0,0,0,1,0,1),
array( 0,15,7,0,0,0,0,3,0,1),
array( 0,22,6,0,3,0,0,3,0,5),
array( 0,13,10,0,1,0,0,1,0,5),
array( 0,13,5,0,1,0,0,2,0,5),
array( 0,14,10,0,0,0,0,3,0,5),
array( 0,20,4,0,4,0,0,1,0,5),
array( 0,15,5,0,0,0,0,2,0,5),
array( 0,16,4,0,1,0,0,2,0,5),
array( 0,22,1,0,1,0,0,2,0,5),
array( 0,20,4,0,4,0,0,2,0,5),
array( 0,15,10,0,0,0,0,3,0,5),
array( 0,16,1,0,2,0,0,3,0,5),
array( 0,13,9,0,4,0,0,2,0,5),
array( 0,14,9,0,0,0,0,2,0,5),
array( 0,16,10,0,3,0,0,2,0,5),
array( 0,17,9,0,4,0,0,1,0,5),
array( 0,21,10,0,3,0,0,1,0,5),
array( 0,15,9,0,2,0,0,3,0,5),
array( 0,20,6,0,3,0,0,1,0,5),
array( 0,18,1,0,0,0,0,2,0,5),
array( 0,21,10,0,1,0,0,1,0,5),
array( 0,21,5,0,4,0,0,3,0,2),
array( 0,18,8,0,1,0,0,1,0,2),
array( 0,18,9,0,6,0,0,3,0,2),
array( 0,20,4,0,3,0,0,3,0,2),
array( 0,16,4,0,3,0,0,1,0,2),
array( 0,21,4,0,4,0,0,1,0,2),
array( 0,16,8,0,3,0,0,2,0,2),
array( 0,22,8,0,8,0,0,3,0,2),
array( 0,15,3,0,10,0,0,3,0,2),
array( 0,22,6,0,7,0,0,1,0,2),
array( 0,16,8,0,4,0,0,2,0,2),
array( 0,15,6,0,6,0,0,3,0,2),
array( 0,13,7,0,9,0,0,1,0,2),
array( 0,22,6,0,5,0,0,2,0,2),
array( 0,18,6,0,5,0,0,3,0,2),
array( 0,15,3,0,7,0,0,2,0,2),
array( 0,19,6,0,9,0,0,2,0,2),
array( 0,13,8,0,7,0,0,1,0,2),
array( 0,18,7,0,10,0,0,1,0,2),
array( 0,17,7,0,5,0,0,1,0,2),
array(0,15,0,4,0,0,0,0,0,1),
array(0,18,0,4,0,0,0,0,0,1),
array(0,13,0,10,0,0,0,0,0,1),
array(0,20,0,6,0,0,0,0,0,1),
array(0,19,0,7,0,0,0,0,0,1),
array(0,22,0,1,0,0,0,0,0,1),
array(0,13,0,5,0,0,0,0,0,1),
array(0,20,0,7,0,0,0,0,0,1),
array(0,22,0,6,0,0,0,0,0,1),
array(0,19,0,3,0,0,0,0,0,1),
array(0,17,0,2,0,0,0,0,0,1),
array(0,21,0,2,0,0,0,0,0,1),
array(0,22,0,10,0,0,0,0,0,1),
array(0,14,0,6,0,0,0,0,0,1),
array(0,18,0,7,0,0,0,0,0,1),
array(0,15,0,10,0,0,0,0,0,1),
array(0,14,0,8,0,0,0,0,0,1),
array(0,15,0,4,0,0,0,0,0,1),
array(0,21,0,2,0,0,0,0,0,1),
array(0,22,0,5,0,0,0,0,0,1),
array( 0,20,0,1,0,0,0,0,0,3),
array( 0,17,0,8,0,0,0,0,0,3),
array( 0,18,0,4,0,0,0,0,0,3),
array( 0,19,0,7,0,0,0,0,0,3),
array( 0,13,0,3,0,0,0,0,0,3),
array( 0,21,0,6,0,0,0,0,0,3),
array( 0,18,0,9,0,0,0,0,0,3),
array( 0,19,0,8,0,0,0,0,0,3),
array( 0,20,0,8,0,0,0,0,0,3),
array( 0,15,0,3,0,0,0,0,0,3),
array( 0,18,0,7,0,0,0,0,0,3),
array( 0,14,0,9,0,0,0,0,0,3),
array( 0,16,0,6,0,0,0,0,0,3),
array( 0,15,0,4,0,0,0,0,0,3),
array( 0,20,0,4,0,0,0,0,0,3),
array( 0,20,0,7,0,0,0,0,0,3),
array( 0,16,0,5,0,0,0,0,0,3),
array( 0,17,0,1,0,0,0,0,0,3),
array( 0,20,0,3,0,0,0,0,0,3),
array( 0,20,0,1,0,0,0,0,0,3),
array(0,19,0,8,0,0,0,0,0,4),
array(0,18,0,5,0,0,0,0,0,4),
array(0,19,0,2,0,0,0,0,0,4),
array(0,14,0,4,0,0,0,0,0,4),
array(0,14,0,6,0,0,0,0,0,4),
array(0,21,0,9,0,0,0,0,0,4),
array(0,15,0,2,0,0,0,0,0,4),
array(0,22,0,8,0,0,0,0,0,4),
array(0,22,0,2,0,0,0,0,0,4),
array(0,14,0,7,0,0,0,0,0,4),
array(0,19,0,1,0,0,0,0,0,4),
array(0,15,0,2,0,0,0,0,0,4),
array(0,17,0,9,0,0,0,0,0,4),
array(0,15,0,5,0,0,0,0,0,4),
array(0,15,0,2,0,0,0,0,0,4),
array(0,17,0,10,0,0,0,0,0,4),
array(0,21,0,10,0,0,0,0,0,4),
array(0,16,0,5,0,0,0,0,0,4),
array(0,15,0,7,0,0,0,0,0,4),
array(0,13,0,6,0,0,0,0,0,4),
array( 0,0,0,0,0,8,0,0,49,4),
array( 0,0,0,0,0,11,0,0,6,4),
array( 0,0,0,0,0,6,0,0,6,4),
array( 0,0,0,0,0,10,0,0,11,4),
array( 0,0,0,0,0,13,0,0,17,4),
array( 0,0,0,0,0,13,0,0,15,4),
array( 0,0,0,0,0,11,0,0,14,4),
array( 0,0,0,0,0,10,0,0,44,4),
array( 0,0,0,0,0,6,0,0,50,4),
array( 0,0,0,0,0,12,0,0,47,4),
array( 0,0,0,0,0,5,0,0,22,4),
array( 0,0,0,0,0,10,0,0,12,4),
array( 0,0,0,0,0,7,0,0,49,4),
array( 0,0,0,0,0,10,0,0,27,4),
array( 0,0,0,0,0,11,0,0,48,4),
array( 0,0,0,0,0,9,0,0,20,4),
array( 0,0,0,0,0,12,0,0,31,4),
array( 0,0,0,0,0,12,0,0,10,4),
array( 0,0,0,0,0,12,0,0,23,4),
array( 0,0,0,0,0,6,0,0,26,4),
array( 0,0,0,0,0,13,0,0,31,5),
array( 0,0,0,0,0,6,0,0,47,5),
array( 0,0,0,0,0,10,0,0,29,5),
array( 0,0,0,0,0,14,0,0,9,5),
array( 0,0,0,0,0,13,0,0,7,5),
array( 0,0,0,0,0,9,0,0,11,5),
array( 0,0,0,0,0,14,0,0,20,5),
array( 0,0,0,0,0,6,0,0,24,5),
array( 0,0,0,0,0,14,0,0,30,5),
array( 0,0,0,0,0,7,0,0,6,5),
array( 0,0,0,0,0,11,0,0,7,5),
array( 0,0,0,0,0,12,0,0,25,5),
array( 0,0,0,0,0,13,0,0,5,5),
array( 0,0,0,0,0,10,0,0,28,5),
array( 0,0,0,0,0,11,0,0,7,5),
array( 0,0,0,0,0,7,0,0,17,5),
array( 0,0,0,0,0,13,0,0,44,5),
array( 0,0,0,0,0,9,0,0,34,5),
array( 0,0,0,0,0,8,0,0,5,5),
array( 0,0,0,0,0,7,0,0,2,5),
array( 0,0,0,0,0,0,22,0,0,4),
array( 0,0,0,0,0,0,16,0,0,4),
array( 0,0,0,0,0,0,14,0,0,4),
array( 0,0,0,0,0,0,24,0,0,4),
array( 0,0,0,0,0,0,26,0,0,4),
array( 0,0,0,0,0,0,25,0,0,4),
array( 0,0,0,0,0,0,19,0,0,4),
array( 0,0,0,0,0,0,25,0,0,4),
array( 0,0,0,0,0,0,24,0,0,4),
array( 0,0,0,0,0,0,21,0,0,4),
array( 0,0,0,0,0,0,23,0,0,4),
array( 0,0,0,0,0,0,21,0,0,4),
array( 0,0,0,0,0,0,19,0,0,4),
array( 0,0,0,0,0,0,12,0,0,4),
array( 0,0,0,0,0,0,27,0,0,4),
array( 0,0,0,0,0,0,29,0,0,4),
array( 0,0,0,0,0,0,26,0,0,4),
array( 0,0,0,0,0,0,22,0,0,4),
array( 0,0,0,0,0,0,16,0,0,4),
array( 0,0,0,0,0,0,14,0,0,4),
array( 0,0,0,0,0,0,28,0,0,5),
array( 0,0,0,0,0,0,20,0,0,5),
array( 0,0,0,0,0,0,22,0,0,5),
array( 0,0,0,0,0,0,17,0,0,5),
array( 0,0,0,0,0,0,15,0,0,5),
array( 0,0,0,0,0,0,16,0,0,5),
array( 0,0,0,0,0,0,20,0,0,5),
array( 0,0,0,0,0,0,29,0,0,5),
array( 0,0,0,0,0,0,10,0,0,5),
array( 0,0,0,0,0,0,22,0,0,5),
array( 0,0,0,0,0,0,20,0,0,5),
array( 0,0,0,0,0,0,15,0,0,5),
array( 0,0,0,0,0,0,29,0,0,5),
array( 0,0,0,0,0,0,24,0,0,5),
array( 0,0,0,0,0,0,29,0,0,5),
array( 0,0,0,0,0,0,25,0,0,5),
array( 0,0,0,0,0,0,12,0,0,5),
array( 0,0,0,0,0,0,18,0,0,5),
array( 0,0,0,0,0,0,12,0,0,5),
array( 0,0,0,0,0,0,26,0,0,5),
